.Random.seed <-
c(403L, 272L, 1489711176L, 330405215L, -529922603L, 495192030L, 
-1335448043L, -1478674782L, -1048464594L, 1119962249L, 382199542L, 
491154001L, 1076604671L, 1354005504L, 2027786071L, 1706731360L, 
-548597476L, 1586876935L, 1709029324L, -800745061L, -1133398407L, 
-416784462L, -1707699879L, -370509690L, 1150535642L, -1579365355L, 
-1884149230L, 478839829L, -19008181L, 1564519788L, 1911989523L, 
-1384195556L, 867392096L, -1823402789L, 883273920L, -1366242169L, 
-371694339L, -622834314L, 470013053L, 188838090L, 1904624358L, 
1980520257L, 670895406L, -1312726999L, 834098727L, 1011166952L, 
682459439L, -1582809352L, 2087638740L, -1853998961L, 1644897620L, 
1970870835L, 643128177L, -2090557766L, -610085167L, -1465221890L, 
1654952386L, 1937522717L, 1503216890L, 2033866942L, -328125896L, 
-1837060502L, -1441738477L, -1080265375L, -1781106027L, 77254995L, 
-1747934294L, 1621412224L, -1370988518L, -55886620L, 1989396273L, 
1166209363L, 670500031L, -893726443L, 1041318840L, -1952143782L, 
-655252468L, -2133986202L, 487763207L, -1431287875L, 1649079769L, 
-624438897L, 374174358L, -1655342932L, 1434792878L, 1660278416L, 
1416903589L, -1665554945L, 1512078547L, -1677587967L, 962563124L, 
2035871510L, -1572069104L, -1262632638L, -1309072005L, -2035491047L, 
-720191939L, 2103384827L, 186673714L, 457289128L, 214915330L, 
717353340L, -1767076567L, 1955606763L, 1767965191L, -219611091L, 
-1551384048L, 1452342034L, 1297904900L, -1498528482L, 885745231L, 
310276117L, -1764079295L, -123065225L, 1033921246L, -117086892L, 
1308603574L, -1819422072L, 707467069L, -1485020489L, -281884741L, 
-1445008839L, -93836532L, 1520200590L, 2143169480L, -324293734L, 
476137827L, -354970671L, -270927355L, 1390648131L, 1487759866L, 
-865536016L, -463020150L, -1325862860L, 2059605825L, -1536152413L, 
-868526961L, -1692930203L, 14711048L, 992683306L, -106270180L, 
506291094L, -1367777513L, 751660013L, -2063691159L, 787346271L, 
-1579937530L, 856104540L, 1324991966L, -333818304L, 991897013L, 
-916532881L, 1967616163L, 4467569L, -38867356L, -1708794074L, 
-337021600L, 1714737842L, -672218741L, -797946679L, -1896958227L, 
1249679979L, 1992924098L, 2109039064L, 1731249714L, -1089120564L, 
-388334791L, -1448660101L, 2025851415L, 888664701L, -1088202592L, 
272512290L, -1716770284L, -383477042L, -1163165473L, -1622960699L, 
157084625L, 261325959L, 2136847438L, 239070148L, 1952302758L, 
-1559128200L, 1430010893L, -1922944281L, 1896352203L, 84706729L, 
-381896388L, 883630046L, -1923466536L, 1504604490L, -2019528653L, 
439204801L, 1309190453L, -48181197L, -1236713398L, 1578937376L, 
1452536314L, -1471009724L, 1194283025L, -534262157L, 912986143L, 
919918069L, -1535711464L, 1194466234L, -1091930260L, 45164934L, 
1064796775L, 1409146717L, 1148086585L, -1491962449L, -2052053450L, 
2075682444L, 512641422L, 654880752L, 1961812933L, -846797409L, 
518569843L, -1935407967L, -764574892L, 2004630262L, 1819888816L, 
-1808288542L, -293097829L, 1229434745L, 1200290269L, 1026425627L, 
1810376722L, 1876357000L, 160718114L, 139361884L, 393491593L, 
-1701214581L, 1258357799L, -1809058035L, -1117459600L, -47717902L, 
721270564L, 1788562110L, 987486703L, 519769205L, 1839922337L, 
440680919L, 308160446L, -1162010700L, 1207998102L, 1739755240L, 
-976353379L, -1057009833L, -344525477L, -1941008807L, -2142072788L, 
670434734L, -1556422552L, -2035219590L, 1798081411L, -324842703L, 
1463097253L, 1714995619L, -271557094L, 1078726160L, -1201293334L, 
1523812500L, -1459150687L, -1897398461L, -1932086289L, 227992389L, 
741831528L, 1574557450L, 1980735740L, 1270296374L, -301867017L, 
385506061L, 1555666633L, 1683769983L, -882476122L, 402711868L, 
-231273410L, 1026252832L, 617762901L, 1183563663L, -2083965373L, 
-1559699823L, -1732011516L, 162624646L, 1248105344L, 1285564498L, 
736973960L, -1879957262L, -1907460029L, -1160099357L, -1358203641L, 
-798113851L, 1787398546L, -565126690L, 198223094L, -777176956L, 
-782345507L, 1647052809L, 1888135745L, 1064354979L, -440149096L, 
979762128L, -1993133884L, -2145926202L, -1720209497L, 332483303L, 
-1266728797L, 511124753L, -970579042L, 1536823826L, -1874064662L, 
1709820448L, 737001177L, 635919205L, -1953600523L, 2126485319L, 
-851315428L, 1674652892L, 205840288L, -623175990L, -2134279605L, 
-1527640949L, -903367169L, -556643251L, 542609130L, 212888998L, 
890363566L, 25689244L, 1372425349L, -1367514031L, 1423028681L, 
1863037227L, -919783504L, -190375960L, 3109964L, 217803662L, 
-251193985L, 728179839L, 1542142123L, -1246224727L, -1533826842L, 
1571319178L, -1006613358L, 733732584L, -904847087L, 390729245L, 
-444898067L, -145574497L, -1560225052L, -1437533180L, 329424888L, 
928379746L, -87057389L, 266167219L, -1537972553L, -494597835L, 
32564386L, 981226606L, -212998874L, -750943468L, -345392243L, 
981380057L, -563381455L, -1545713133L, -363736568L, 1537551040L, 
1747002452L, -1401866794L, 930328503L, -2139446889L, 1863582195L, 
-1241587519L, 1103116046L, -914580830L, 878111194L, 1871204528L, 
-846658583L, 1858270453L, -1986624187L, 122962263L, 1899917324L, 
-2035845428L, -1007748432L, -481887526L, 1094156155L, -227053893L, 
-1988734193L, -550230179L, 1046709658L, 935695382L, 603886526L, 
649119948L, -672790763L, -1259215935L, -436843623L, 1989290683L, 
280197312L, -638078856L, 1537506044L, -1209179586L, -244239569L, 
-1164697905L, -665859173L, 2144559865L, 2009108342L, 1399899002L, 
1729586914L, 1240825560L, -1586280319L, 314250893L, -909175459L, 
1170295247L, 354040692L, -362140716L, 1220960808L, -2142210798L, 
988887203L, -2096614525L, 433505639L, 1011779493L, -1242414606L, 
-663144130L, 1231236694L, 225546468L, -1996120579L, 1214025001L, 
-1829820831L, 1064689539L, 1503565752L, -635139472L, 1886494692L, 
-2094420954L, 1214406343L, 10411015L, 1267087299L, 1893875057L, 
-1685867330L, -762001102L, 360626698L, 222497984L, 1939971321L, 
1009930501L, -1254404459L, 4241511L, -604819908L, -1691477828L, 
2116983744L, 1187892010L, -1231668821L, -1898974677L, 1462217695L, 
944621101L, 2059933898L, 917942214L, 195321422L, -1219690062L, 
-1837857257L, 609285718L, -1894675235L, -1125987322L, 1876753265L, 
-1275162008L, -2088843179L, -870609850L, -875369969L, 994454890L, 
546474593L, -91960266L, -1828533431L, 1243655548L, -1532578195L, 
-239081270L, -1106170465L, -351636234L, -954048371L, 1235563110L, 
1515981057L, -580978968L, 191427069L, 272727198L, 1831039871L, 
81684490L, -1503195839L, -325621794L, -1756853055L, -1510916804L, 
1725801981L, 178738642L, -281243257L, -2036711050L, -1795114211L, 
1401226150L, -270124303L, 200765176L, 162830645L, -768212730L, 
-923465777L, -1089607478L, 1187360849L, -1964684250L, -913006167L, 
-1720531524L, 1028879389L, 110780362L, -1208193489L, 2106924902L, 
1474050237L, 503984214L, 596320529L, -1152636632L, 727039421L, 
-955073506L, -1856300561L, 1860187001L, -1966694950L, 65279776L, 
1597373289L, -1625517303L, -827577760L, -1726841646L, 1190673349L, 
1084398137L, -992197982L, 1748824332L, -2023631611L, 1155745065L, 
2110254228L, 1646862538L, -658983119L, -1882037263L, -2099138494L, 
293020832L, -593139159L, -1536176079L, 1052590072L, 1587195986L, 
-579396875L, -1314618959L, 760409866L, -523420300L, -1344619827L, 
-1855038239L, 180138500L, 996634522L, -838123255L, 1166768537L, 
-117509462L, 681366528L, 2094693785L, -2145837111L, -1842712464L, 
-241701150L, -8384219L, 965290953L, 1949042834L, -1242449508L, 
1109692021L, 1956939081L, 988717700L, 1925760890L, 1837770913L, 
1432036737L, 517659426L, 888524736L, -735806183L, 859435233L, 
-961915848L, 1972992546L, -913697835L, -553599855L, 856356298L, 
104171124L, -415936595L, -1551127567L, -1691952492L, 714588970L, 
196346409L, 1846785529L, 580667482L, 1846372032L, -201426839L, 
-862747447L, -2141614688L, -1057537070L, -1093360699L, -888020007L, 
-2036681758L, 125308876L, -1142016123L, -1502265527L, -1780592556L, 
753141130L, -858114735L, 444789105L, -1872313886L, -1716550848L, 
1130480873L, 772640465L, -1023275336L, -1922028622L, 1128863541L, 
